distances between each two ring center of masses where the rings are in different molecules
molecule 1 index, corresponding ring index, molecule index 2, coresponding ring index, distance between their centers of masses
example: 0 1 2 3 4.5 means the distance between the first ring of molecule 0 and the third ring of molecule 2 are 4.5 apart
0 0 1 0 9.92502
0 0 1 1 10.2494
0 0 1 2 11.1424
0 0 1 3 12.5072
0 0 1 4 14.2139
0 0 1 5 16.1322
0 0 1 6 18.189
0 0 1 7 20.3464
0 0 1 8 22.5715
0 1 1 0 9.99076
0 1 1 1 9.72274
0 1 1 2 10.0882
0 1 1 3 11.0524
0 1 1 4 12.4838
0 1 1 5 14.2176
0 1 1 6 16.1501
0 1 1 7 18.2228
0 1 1 8 20.3887
0 2 1 0 10.6547
0 2 1 1 9.81764
0 2 1 2 9.57817
0 2 1 3 10.0105
0 2 1 4 11.0438
0 2 1 5 12.5031
0 2 1 6 14.2512
0 2 1 7 16.1999
0 2 1 8 18.2807
0 3 1 0 11.8202
0 3 1 1 10.5214
0 3 1 2 9.70289
0 3 1 3 9.52261
0 3 1 4 10.0242
0 3 1 5 11.0859
0 3 1 6 12.5593
0 3 1 7 14.3235
0 3 1 8 16.2794
0 4 1 0 13.3414
0 4 1 1 11.7081
0 4 1 2 10.4211
0 4 1 3 9.65303
0 4 1 4 9.54032
0 4 1 5 10.0731
0 4 1 6 11.1516
0 4 1 7 12.6434
0 4 1 8 14.4154
0 5 1 0 15.1021
0 5 1 1 13.2385
0 5 1 2 11.6124
0 5 1 3 10.3668
0 5 1 4 9.66093
0 5 1 5 9.58179
0 5 1 6 10.1364
0 5 1 7 11.2385
0 5 1 8 12.7412
0 6 1 0 17.0181
0 6 1 1 14.9973
0 6 1 2 13.1376
0 6 1 3 11.5447
0 6 1 4 10.3529
0 6 1 5 9.67978
0 6 1 6 9.6275
0 6 1 7 10.2135
0 6 1 8 11.3332
0 7 1 0 19.0341
0 7 1 1 16.9041
0 7 1 2 14.8844
0 7 1 3 13.0502
0 7 1 4 11.5008
0 7 1 5 10.3364
0 7 1 6 9.69019
0 7 1 7 9.67512
0 7 1 8 10.2876
0 8 1 0 21.127
0 8 1 1 18.9204
0 8 1 2 16.7906
0 8 1 3 14.7919
0 8 1 4 12.9939
0 8 1 5 11.4671
0 8 1 6 10.3269
0 8 1 7 9.71883
0 8 1 8 9.73668
0 0 2 0 22.4803
0 0 2 1 20.1469
0 0 2 2 17.8316
0 0 2 3 15.5508
0 0 2 4 13.3354
0 0 2 5 11.2446
0 0 2 6 9.36073
0 0 2 7 7.8056
0 0 2 8 6.79987
0 1 2 0 20.1507
0 1 2 1 17.8455
0 1 2 2 15.57
0 1 2 3 13.349
0 1 2 4 11.2303
0 1 2 5 9.30871
0 1 2 6 7.72929
0 1 2 7 6.70336
0 1 2 8 6.48932
0 2 2 0 17.8557
0 2 2 1 15.5926
0 2 2 2 13.3791
0 2 2 3 11.2557
0 2 2 4 9.30331
0 2 2 5 7.68282
0 2 2 6 6.63641
0 2 2 7 6.41439
0 2 2 8 7.08564
0 3 2 0 15.6131
0 3 2 1 13.4155
0 3 2 2 11.3036
0 3 2 3 9.34843
0 3 2 4 7.69423
0 3 2 5 6.60564
0 3 2 6 6.37151
0 3 2 7 7.04467
0 3 2 8 8.40206
0 4 2 0 13.4397
0 4 2 1 11.347
0 4 2 2 9.40672
0 4 2 3 7.74969
0 4 2 4 6.62044
0 4 2 5 6.34345
0 4 2 6 7.01168
0 4 2 7 8.375
0 4 2 8 10.1504
0 5 2 0 11.3707
0 5 2 1 9.45257
0 5 2 2 7.81208
0 5 2 3 6.6751
0 5 2 4 6.34838
0 5 2 5 6.9781
0 5 2 6 8.34185
0 5 2 7 10.125
0 5 2 8 12.1381
0 6 2 0 9.47003
0 6 2 1 7.85225
0 6 2 2 6.7284
0 6 2 3 6.38333
0 6 2 4 6.96087
0 6 2 5 8.29549
0 6 2 6 10.0827
0 6 2 7 12.1048
0 6 2 8 14.2568
0 7 2 0 7.8483
0 7 2 1 6.74355
0 7 2 2 6.40401
0 7 2 3 6.9585
0 7 2 4 8.25071
0 7 2 5 10.0193
0 7 2 6 12.0484
0 7 2 7 14.2106
0 7 2 8 16.4488
0 8 2 0 6.72442
0 8 2 1 6.40136
0 8 2 2 6.95793
0 8 2 3 8.23003
0 8 2 4 9.96545
0 8 2 5 11.9811
0 8 2 6 14.1503
0 8 2 7 16.398
0 8 2 8 18.6916
0 0 3 0 5.22646
0 0 3 1 6.71511
0 0 3 2 4.99184
0 0 3 3 3.64656
0 1 3 0 3.73331
0 1 3 1 4.72065
0 1 3 2 3.61731
0 1 3 3 3.30041
0 2 3 0 3.50359
0 2 3 1 3.34365
0 2 3 2 3.60135
0 2 3 3 4.49632
0 3 3 0 4.7296
0 3 3 1 3.43746
0 3 3 2 4.96051
0 3 3 3 6.42705
0 4 3 0 6.66422
0 4 3 1 4.93843
0 4 3 2 6.94224
0 4 3 3 8.62326
0 5 3 0 8.86072
0 5 3 1 7.0009
0 5 3 2 9.15655
0 5 3 3 10.9307
0 6 3 0 11.1663
0 6 3 1 9.25837
0 6 3 2 11.4699
0 6 3 3 13.2914
0 7 3 0 13.5259
0 7 3 1 11.5984
0 7 3 2 13.8332
0 7 3 3 15.6818
0 8 3 0 15.9091
0 8 3 1 13.9726
0 8 3 2 16.2186
0 8 3 3 18.0843
0 0 4 0 6.63892
0 0 4 1 4.72357
0 0 4 2 6.38297
0 0 4 3 8.26544
0 1 4 0 4.67522
0 1 4 1 3.35908
0 1 4 2 4.54632
0 1 4 3 6.08767
0 2 4 0 3.41613
0 2 4 1 3.50721
0 2 4 2 3.55343
0 2 4 3 4.22095
0 3 4 0 3.68372
0 3 4 1 5.04208
0 3 4 2 4.08411
0 3 4 3 3.26346
0 4 4 0 5.24051
0 4 4 1 7.11011
0 4 4 2 5.72091
0 4 4 3 3.93242
0 5 4 0 7.29927
0 5 4 1 9.36023
0 5 4 2 7.79114
0 5 4 3 5.67415
0 6 4 0 9.53327
0 6 4 1 11.6812
0 6 4 2 10.0232
0 6 4 3 7.79288
0 7 4 0 11.8376
0 7 4 1 14.0326
0 7 4 2 12.3236
0 7 4 3 10.0461
0 8 4 0 14.1789
0 8 4 1 16.4018
0 8 4 2 14.6609
0 8 4 3 12.3615
0 0 5 0 17.2729
0 0 5 1 18.0183
0 0 5 2 17.336
0 0 5 3 16.7277
0 1 5 0 16.3957
0 1 5 1 16.9209
0 1 5 2 16.5343
0 1 5 3 16.1702
0 2 5 0 15.8728
0 2 5 1 16.1434
0 2 5 2 16.0902
0 2 5 3 15.9943
0 3 5 0 15.7428
0 3 5 1 15.7369
0 3 5 2 16.0368
0 3 5 3 16.216
0 4 5 0 15.9944
0 4 5 1 15.7089
0 4 5 2 16.3574
0 4 5 3 16.7992
0 5 5 0 16.5973
0 5 5 1 16.0484
0 5 5 2 17.018
0 5 5 3 17.6954
0 6 5 0 17.5026
0 6 5 1 16.7205
0 6 5 2 17.9689
0 6 5 3 18.848
0 7 5 0 18.6539
0 7 5 1 17.6746
0 7 5 2 19.1548
0 7 5 3 20.2012
0 8 5 0 20.0202
0 8 5 1 18.8798
0 8 5 2 20.5461
0 8 5 3 21.7282
0 0 6 0 20.6347
0 0 6 1 20.1012
0 0 6 2 20.1735
0 0 6 3 20.8497
0 1 6 0 19.816
0 1 6 1 19.5637
0 1 6 2 19.4847
0 1 6 3 19.8896
0 2 6 0 19.297
0 2 6 1 19.3458
0 2 6 2 19.1094
0 2 6 3 19.2168
0 3 6 0 19.1052
0 3 6 1 19.4615
0 3 6 2 19.0692
0 3 6 3 18.8652
0 4 6 0 19.2292
0 4 6 1 19.8841
0 4 6 2 19.3449
0 4 6 3 18.8311
0 5 6 0 19.6497
0 5 6 1 20.5816
0 5 6 2 19.9102
0 5 6 3 19.103
0 6 6 0 20.3358
0 6 6 1 21.5149
0 6 6 2 20.7286
0 6 6 3 19.6553
0 7 6 0 21.249
0 7 6 1 22.6424
0 7 6 2 21.7588
0 7 6 3 20.4521
0 8 6 0 22.3741
0 8 6 1 23.9487
0 8 6 2 22.985
0 8 6 3 21.4795
0 0 7 0 13.755
0 0 7 1 13.2756
0 0 7 2 13.8118
0 0 7 3 14.492
0 1 7 0 12.9987
0 1 7 1 12.9331
0 1 7 2 13.1551
0 1 7 3 13.4554
0 2 7 0 12.6985
0 2 7 1 13.0703
0 2 7 2 12.9565
0 2 7 3 12.8286
0 3 7 0 12.8899
0 3 7 1 13.6763
0 3 7 2 13.2403
0 3 7 3 12.6766
0 4 7 0 13.5324
0 4 7 1 14.6747
0 4 7 2 13.9579
0 4 7 3 12.9955
0 5 7 0 14.5545
0 5 7 1 15.9808
0 5 7 2 15.0357
0 5 7 3 13.7404
0 6 7 0 15.8711
0 6 7 1 17.5144
0 6 7 2 16.3912
0 6 7 3 14.8353
0 7 7 0 17.4043
0 7 7 1 19.2107
0 7 7 2 17.9508
0 7 7 3 16.1975
0 8 7 0 19.1111
0 8 7 1 21.0387
0 8 7 2 19.6747
0 8 7 3 17.7754
0 0 8 0 20.5216
0 0 8 1 20.4977
0 0 8 2 18.8405
0 0 8 3 19.0174
0 1 8 0 18.6734
0 1 8 1 18.6259
0 1 8 2 17.1004
0 1 8 3 17.3179
0 2 8 0 16.991
0 2 8 1 16.9155
0 2 8 2 15.5672
0 2 8 3 15.8306
0 3 8 0 15.5319
0 3 8 1 15.4235
0 3 8 2 14.3111
0 3 8 3 14.6242
0 4 8 0 14.3454
0 4 8 1 14.2001
0 4 8 2 13.3902
0 4 8 3 13.753
0 5 8 0 13.4923
0 5 8 1 13.3078
0 5 8 2 12.8644
0 5 8 3 13.2715
0 6 8 0 13.0272
0 6 8 1 12.8048
0 6 8 2 12.7707
0 6 8 3 13.2107
0 7 8 0 12.9776
0 7 8 1 12.7226
0 7 8 2 13.104
0 7 8 3 13.5628
0 8 8 0 13.3622
0 8 8 1 13.084
0 8 8 2 13.8471
0 8 8 3 14.3101
0 0 9 0 16.5553
0 0 9 1 18.3436
0 0 9 2 16.1137
0 0 9 3 14.2578
0 1 9 0 14.1737
0 1 9 1 15.9458
0 1 9 2 13.734
0 1 9 3 11.8867
0 2 9 0 11.8181
0 2 9 1 13.5644
0 2 9 2 11.3822
0 2 9 3 9.55365
0 3 9 0 9.51095
0 3 9 1 11.2128
0 3 9 2 9.08344
0 3 9 3 7.2994
0 4 9 0 7.29183
0 4 9 1 8.90914
0 4 9 2 6.88388
0 4 9 3 5.218
0 5 9 0 5.27035
0 5 9 1 6.70111
0 5 9 2 4.91545
0 5 9 3 3.61589
0 6 9 0 3.77157
0 6 9 1 4.72113
0 6 9 2 3.57496
0 6 9 3 3.27963
0 7 9 0 3.52023
0 7 9 1 3.37744
0 7 9 2 3.62262
0 7 9 3 4.48839
0 8 9 0 4.72609
0 8 9 1 3.50974
0 8 9 2 5.02378
0 8 9 3 6.42573
1 0 2 0 20.972
1 0 2 1 18.5795
1 0 2 2 16.2005
1 0 2 3 13.8421
1 0 2 4 11.5097
1 0 2 5 9.21415
1 0 2 6 7.00302
1 0 2 7 5.00896
1 0 2 8 3.61069
1 1 2 0 18.5489
1 1 2 1 16.1636
1 1 2 2 13.7971
1 1 2 3 11.4611
1 1 2 4 9.17049
1 1 2 5 6.95875
1 1 2 6 4.94608
1 1 2 7 3.52069
1 1 2 8 3.49356
1 2 2 0 16.1296
1 2 2 1 13.7559
1 2 2 2 11.4104
1 2 2 3 9.11474
1 2 2 4 6.9082
1 2 2 5 4.8967
1 2 2 6 3.45568
1 2 2 7 3.43274
1 2 2 8 4.84578
1 3 2 0 13.7249
1 3 2 1 11.3724
1 3 2 2 9.0672
1 3 2 3 6.85675
1 3 2 4 4.85787
1 3 2 5 3.43646
1 3 2 6 3.42351
1 3 2 7 4.84706
1 3 2 8 6.86298
1 4 2 0 11.3508
1 4 2 1 9.03974
1 4 2 2 6.82184
1 4 2 3 4.82558
1 4 2 4 3.43992
1 4 2 5 3.46639
1 4 2 6 4.8872
1 4 2 7 6.89919
1 4 2 8 9.11715
1 5 2 0 9.02614
1 5 2 1 6.80222
1 5 2 2 4.79904
1 5 2 3 3.42505
1 5 2 4 3.49899
1 5 2 5 4.93931
1 5 2 6 6.94397
1 5 2 7 9.15796
1 5 2 8 11.4588
1 6 2 0 6.80179
1 6 2 1 4.79285
1 6 2 2 3.41461
1 6 2 3 3.50697
1 6 2 4 4.97618
1 6 2 5 6.99076
1 6 2 6 9.19929
1 6 2 7 11.4975
1 6 2 8 13.8391
1 7 2 0 4.8212
1 7 2 1 3.44194
1 7 2 2 3.52871
1 7 2 3 5.00198
1 7 2 4 7.03014
1 7 2 5 9.24498
1 7 2 6 11.5387
1 7 2 7 13.8781
1 7 2 8 16.2419
1 8 2 0 3.51543
1 8 2 1 3.58294
1 8 2 2 5.03393
1 8 2 3 7.05824
1 8 2 4 9.28125
1 8 2 5 11.5803
1 8 2 6 13.9163
1 8 2 7 16.2787
1 8 2 8 18.6558
1 0 3 0 13.3244
1 0 3 1 13.9905
1 0 3 2 13.4921
1 0 3 3 13.0651
1 1 3 0 12.7868
1 1 3 1 13.1276
1 1 3 2 13.023
1 1 3 3 12.9462
1 2 3 0 12.7349
1 2 3 1 12.7129
1 2 3 2 13.0335
1 2 3 3 13.3138
1 3 3 0 13.2052
1 3 3 1 12.8218
1 3 3 2 13.5524
1 3 3 3 14.1585
1 4 3 0 14.1534
1 4 3 1 13.4498
1 4 3 2 14.5325
1 4 3 3 15.4088
1 5 3 0 15.4628
1 5 3 1 14.499
1 5 3 2 15.8601
1 5 3 3 16.9479
1 6 3 0 17.0429
1 6 3 1 15.8788
1 6 3 2 17.4488
1 6 3 3 18.6976
1 7 3 0 18.8319
1 7 3 1 17.5176
1 7 3 2 19.24
1 7 3 3 20.6099
1 8 3 0 20.7709
1 8 3 1 19.3447
1 8 3 2 21.1777
1 8 3 3 22.6391
1 0 4 0 8.48485
1 0 4 1 7.19445
1 0 4 2 7.97534
1 0 4 3 9.48529
1 1 4 0 7.1979
1 1 4 1 6.53593
1 1 4 2 6.74479
1 1 4 3 7.79188
1 2 4 0 6.62561
1 2 4 1 6.78075
1 2 4 2 6.29782
1 2 4 3 6.61146
1 3 4 0 6.97775
1 3 4 1 7.87206
1 3 4 2 6.8227
1 3 4 3 6.27683
1 4 4 0 8.14275
1 4 4 1 9.52921
1 4 4 2 8.1413
1 4 4 3 6.92188
1 5 4 0 9.81322
1 5 4 1 11.4902
1 5 4 2 9.92009
1 5 4 3 8.29573
1 6 4 0 11.7697
1 6 4 1 13.6186
1 6 4 2 11.9491
1 6 4 3 10.0986
1 7 4 0 13.8954
1 7 4 1 15.8502
1 7 4 2 14.1242
1 7 4 3 12.1448
1 8 4 0 16.1194
1 8 4 1 18.143
1 8 4 2 16.3833
1 8 4 3 14.3261
1 0 5 0 8.64861
1 0 5 1 9.92471
1 0 5 2 8.4581
1 0 5 3 7.3229
1 1 5 0 7.24099
1 1 5 1 8.1984
1 1 5 2 7.17566
1 1 5 3 6.51877
1 2 5 0 6.44252
1 2 5 1 6.8822
1 2 5 2 6.54928
1 2 5 3 6.54374
1 3 5 0 6.45782
1 3 5 1 6.21699
1 3 5 2 6.7403
1 3 5 3 7.36691
1 4 5 0 7.27787
1 4 5 1 6.40561
1 4 5 2 7.68461
1 4 5 3 8.76234
1 5 5 0 8.70324
1 5 5 1 7.41315
1 5 5 2 9.1763
1 5 5 3 10.5257
1 6 5 0 10.4921
1 6 5 1 8.97052
1 6 5 2 10.9966
1 6 5 3 12.5034
1 7 5 0 12.4825
1 7 5 1 10.8359
1 7 5 2 13.0019
1 7 5 3 14.603
1 8 5 0 14.5924
1 8 5 1 12.8761
1 8 5 2 15.1186
1 8 5 3 16.7786
1 0 6 0 11.5554
1 0 6 1 10.5155
1 0 6 2 10.8951
1 0 6 3 12.1496
1 1 6 0 10.4314
1 1 6 1 9.88629
1 1 6 2 9.99507
1 1 6 3 10.8138
1 2 6 0 9.76402
1 2 6 1 9.80548
1 2 6 2 9.60896
1 2 6 3 9.87318
1 3 6 0 9.62223
1 3 6 1 10.2607
1 3 6 2 9.77133
1 3 6 3 9.42033
1 4 6 0 10.0237
1 4 6 1 11.1817
1 4 6 2 10.4515
1 4 6 3 9.52013
1 5 6 0 10.9395
1 5 6 1 12.4929
1 5 6 2 11.5877
1 5 6 3 10.1896
1 6 6 0 12.2587
1 6 6 1 14.0886
1 6 6 2 13.0648
1 6 6 3 11.3326
1 7 6 0 13.8583
1 7 6 1 15.8758
1 7 6 2 14.773
1 7 6 3 12.8142
1 8 6 0 15.6535
1 8 6 1 17.7977
1 8 6 2 16.6424
1 8 6 3 14.5324
1 0 7 0 5.37424
1 0 7 1 3.75156
1 0 7 2 5.02254
1 0 7 3 6.78541
1 1 7 0 3.8159
1 1 7 1 3.32264
1 1 7 2 3.65528
1 1 7 3 4.78448
1 2 7 0 3.44961
1 2 7 1 4.43667
1 2 7 2 3.62888
1 2 7 3 3.37552
1 3 7 0 4.55634
1 3 7 1 6.31316
1 3 7 2 4.95095
1 3 7 3 3.38001
1 4 7 0 6.41266
1 4 7 1 8.45719
1 4 7 2 6.8829
1 4 7 3 4.79348
1 5 7 0 8.5561
1 5 7 1 10.7194
1 5 7 2 9.05397
1 5 7 3 6.80267
1 6 7 0 10.8167
1 6 7 1 13.0375
1 6 7 2 11.3268
1 6 7 3 9.01758
1 7 7 0 13.1303
1 7 7 1 15.3828
1 7 7 2 13.6469
1 7 7 3 11.3137
1 8 7 0 15.472
1 8 7 1 17.7434
1 8 7 2 15.9924
1 8 7 3 13.6489
1 0 8 0 15.4321
1 0 8 1 15.5659
1 0 8 2 13.3746
1 0 8 3 13.4394
1 1 8 0 13.1022
1 1 8 1 13.2328
1 1 8 2 11.0592
1 1 8 3 11.169
1 2 8 0 10.8039
1 2 8 1 10.929
1 2 8 2 8.79149
1 2 8 3 8.96903
1 3 8 0 8.55498
1 3 8 1 8.67017
1 3 8 2 6.61103
1 3 8 3 6.89834
1 4 8 0 6.41077
1 4 8 1 6.50588
1 4 8 2 4.64487
1 4 8 3 5.11924
1 5 8 0 4.55573
1 5 8 1 4.60534
1 5 8 2 3.34382
1 5 8 3 4.07215
1 6 8 0 3.49425
1 6 8 1 3.44588
1 6 8 2 3.54465
1 6 8 3 4.33034
1 7 8 0 3.91924
1 7 8 1 3.77061
1 7 8 2 5.0619
1 7 8 3 5.71087
1 8 8 0 5.49506
1 8 8 1 5.31376
1 8 8 2 7.09526
1 8 8 3 7.62547
1 0 9 0 16.9145
1 0 9 1 18.4581
1 0 9 2 16.3416
1 0 9 3 14.7695
1 1 9 0 14.6658
1 1 9 1 16.1446
1 1 9 2 14.075
1 1 9 3 12.5794
1 2 9 0 12.4986
1 2 9 1 13.8822
1 2 9 2 11.8879
1 2 9 3 10.5129
1 3 9 0 10.4843
1 3 9 1 11.7192
1 3 9 2 9.85556
1 3 9 3 8.68424
1 4 9 0 8.73923
1 4 9 1 9.73145
1 4 9 2 8.10642
1 4 9 3 7.28627
1 5 9 0 7.43037
1 5 9 1 8.02827
1 5 9 2 6.83344
1 5 9 3 6.56915
1 6 9 0 6.80772
1 6 9 1 6.82079
1 6 9 2 6.32378
1 6 9 3 6.74608
1 7 9 0 7.06208
1 7 9 1 6.40352
1 7 9 2 6.75964
1 7 9 3 7.76234
1 8 9 0 8.10539
1 8 9 1 6.91401
1 8 9 2 7.98114
1 8 9 3 9.3424
2 0 3 0 19.9964
2 0 3 1 18.321
2 0 3 2 20.3359
2 0 3 3 22.0076
2 1 3 0 17.8796
2 1 3 1 16.2752
2 1 3 2 18.2146
2 1 3 3 19.8283
2 2 3 0 15.8414
2 2 3 1 14.3378
2 2 3 2 16.1693
2 2 3 3 17.7036
2 3 3 0 13.9284
2 3 3 1 12.5719
2 3 3 2 14.2446
2 3 3 3 15.6667
2 4 3 0 12.2206
2 4 3 1 11.0837
2 4 3 2 12.517
2 4 3 3 13.7754
2 5 3 0 10.8457
2 5 3 1 10.0297
2 5 3 2 11.1083
2 5 3 3 12.1252
2 6 3 0 9.93612
2 6 3 1 9.54746
2 6 3 2 10.1462
2 6 3 3 10.8221
2 7 3 0 9.59029
2 7 3 1 9.68803
2 7 3 2 9.72957
2 7 3 3 9.96939
2 8 3 0 9.85971
2 8 3 1 10.4184
2 8 3 2 9.91918
2 8 3 3 9.67876
2 0 4 0 16.17
2 0 4 1 18.3749
2 0 4 2 16.5828
2 0 4 3 14.3135
2 1 4 0 13.7915
2 1 4 1 15.975
2 1 4 2 14.1998
2 1 4 3 11.9453
2 2 4 0 11.4295
2 2 4 1 13.5807
2 2 4 2 11.8306
2 2 4 3 9.60226
2 3 4 0 9.106
2 3 4 1 11.2034
2 3 4 2 9.49383
2 3 4 3 7.31944
2 4 4 0 6.87355
2 4 4 1 8.86677
2 4 4 2 7.2342
2 4 4 3 5.1955
2 5 4 0 4.88432
2 5 4 1 6.63279
2 5 4 2 5.17746
2 5 4 3 3.56357
2 6 4 0 3.56836
2 6 4 1 4.65217
2 6 4 2 3.67875
2 6 4 3 3.26376
2 7 4 0 3.69195
2 7 4 1 3.36489
2 7 4 2 3.50256
2 7 4 3 4.53904
2 8 4 0 5.14315
2 8 4 1 3.59794
2 8 4 2 4.78762
2 8 4 3 6.51566
2 0 5 0 17.1492
2 0 5 1 15.6181
2 0 5 2 17.7464
2 0 5 3 19.2574
2 1 5 0 15.1794
2 1 5 1 13.7507
2 1 5 2 15.7772
2 1 5 3 17.2044
2 2 5 0 13.3745
2 2 5 1 12.0991
2 2 5 2 13.9659
2 2 5 3 15.2732
2 3 5 0 11.8033
2 3 5 1 10.755
2 3 5 2 12.3748
2 3 5 3 13.5099
2 4 5 0 10.5484
2 4 5 1 9.82212
2 4 5 2 11.078
2 4 5 3 11.9684
2 5 5 0 9.70433
2 5 5 1 9.39449
2 5 5 2 10.1611
2 5 5 3 10.7187
2 6 5 0 9.39382
2 6 5 1 9.54989
2 6 5 2 9.7429
2 6 5 3 9.88385
2 7 5 0 9.69837
2 7 5 1 10.2893
2 7 5 2 9.91627
2 7 5 3 9.60427
2 8 5 0 10.5669
2 8 5 1 11.5023
2 8 5 2 10.6546
2 8 5 3 9.92955
2 0 6 0 18.6721
2 0 6 1 20.6824
2 0 6 2 19.5177
2 0 6 3 17.5439
2 1 6 0 16.9899
2 1 6 1 18.8674
2 1 6 2 17.7512
2 1 6 3 15.9295
2 2 6 0 15.5219
2 2 6 1 17.2177
2 2 6 2 16.172
2 2 6 3 14.5595
2 3 6 0 14.3247
2 3 6 1 15.7769
2 3 6 2 14.8312
2 3 6 3 13.499
2 4 6 0 13.4475
2 4 6 1 14.5847
2 4 6 2 13.7753
2 4 6 3 12.8006
2 5 6 0 12.9263
2 5 6 1 13.6782
2 5 6 2 13.0445
2 5 6 3 12.4951
2 6 6 0 12.8146
2 6 6 1 13.1277
2 6 6 2 12.7057
2 6 6 3 12.6208
2 7 6 0 13.1529
2 7 6 1 13.0097
2 7 6 2 12.8215
2 7 6 3 13.1951
2 8 6 0 13.9112
2 8 6 1 13.339
2 8 6 2 13.383
2 8 6 3 14.1659
2 0 7 0 17.463
2 0 7 1 19.706
2 0 7 2 18.0705
2 0 7 3 15.7875
2 1 7 0 15.2284
2 1 7 1 17.4366
2 1 7 2 15.8436
2 1 7 3 13.6002
2 2 7 0 13.0722
2 2 7 1 15.2237
2 2 7 2 13.6935
2 2 7 3 11.5203
2 3 7 0 11.0362
2 3 7 1 13.0925
2 3 7 2 11.6591
2 3 7 3 9.61294
2 4 7 0 9.18389
2 4 7 1 11.0756
2 4 7 2 9.79653
2 4 7 3 7.98371
2 5 7 0 7.62628
2 5 7 1 9.22844
2 5 7 2 8.20155
2 5 7 3 6.80867
2 6 7 0 6.58907
2 6 7 1 7.68711
2 6 7 2 7.07009
2 6 7 3 6.35681
2 7 7 0 6.36348
2 7 7 1 6.69691
2 7 7 2 6.67207
2 7 7 3 6.80163
2 8 7 0 7.02895
2 8 7 1 6.51592
2 8 7 2 7.13275
2 8 7 3 7.99544
2 0 8 0 8.61759
2 0 8 1 8.25324
2 0 8 2 9.84314
2 0 8 3 10.4318
2 1 8 0 7.31348
2 1 8 1 6.9339
2 1 8 2 8.135
2 1 8 3 8.79648
2 2 8 0 6.69381
2 2 8 1 6.33601
2 2 8 2 6.89585
2 2 8 3 7.61648
2 3 8 0 6.93574
2 3 8 1 6.64839
2 3 8 2 6.39546
2 3 8 3 7.11373
2 4 8 0 7.94276
2 4 8 1 7.74285
2 4 8 2 6.77717
2 4 8 3 7.40741
2 5 8 0 9.45371
2 5 8 1 9.32814
2 5 8 2 7.89057
2 5 8 3 8.3922
2 6 8 0 11.2703
2 6 8 1 11.2004
2 6 8 2 9.48551
2 6 8 3 9.86715
2 7 8 0 13.2814
2 7 8 1 13.2525
2 7 8 2 11.3774
2 7 8 3 11.6633
2 8 8 0 15.4109
2 8 8 1 15.4123
2 8 8 2 13.441
2 8 8 3 13.6544
2 0 9 0 6.47824
2 0 9 1 4.75296
2 0 9 2 6.69167
2 0 9 3 8.36408
2 1 9 0 4.65572
2 1 9 1 3.37249
2 1 9 2 4.73081
2 1 9 3 6.20384
2 2 9 0 3.62626
2 2 9 1 3.45463
2 2 9 2 3.42633
2 2 9 3 4.33166
2 3 9 0 4.06568
2 3 9 1 4.93987
2 3 9 2 3.6043
2 3 9 3 3.30605
2 4 9 0 5.65837
2 4 9 1 6.99863
2 4 9 2 5.13215
2 4 9 3 3.89735
2 5 9 0 7.73498
2 5 9 1 9.26708
2 5 9 2 7.21123
2 5 9 3 5.63628
2 6 9 0 9.99229
2 6 9 1 11.617
2 6 9 2 9.47938
2 6 9 3 7.78226
2 7 9 0 12.3212
2 7 9 1 13.9984
2 7 9 2 11.8175
2 7 9 3 10.0658
2 8 9 0 14.6834
2 8 9 1 16.3938
2 8 9 2 14.1869
2 8 9 3 12.4066
3 0 4 0 6.91113
3 0 4 1 6.51462
3 0 4 2 6.48027
3 0 4 3 7.28243
3 1 4 0 6.38103
3 1 4 1 6.83558
3 1 4 2 6.61757
3 1 4 3 6.59573
3 2 4 0 6.69975
3 2 4 1 6.48807
3 2 4 2 7.10578
3 2 4 3 7.68105
3 3 4 0 7.63622
3 3 4 1 6.64775
3 3 4 2 7.42103
3 3 4 3 8.6546
3 0 5 0 19.1338
3 0 5 1 19.3013
3 0 5 2 19.1421
3 0 5 3 19.1183
3 1 5 0 18.9208
3 1 5 1 19.0325
3 1 5 2 19.1656
3 1 5 3 19.1993
3 2 5 0 19.2727
3 2 5 1 19.6687
3 2 5 2 19.5718
3 2 5 3 19.3174
3 3 5 0 19.6676
3 3 5 1 20.11
3 3 5 2 19.7339
3 3 5 3 19.4255
3 0 6 0 22.3998
3 0 6 1 22.387
3 0 6 2 22.3325
3 0 6 3 22.4796
3 1 6 0 22.3165
3 1 6 1 22.5112
3 1 6 2 22.2105
3 1 6 3 22.1494
3 2 6 0 22.7865
3 2 6 1 22.7375
3 2 6 2 22.4753
3 2 6 3 22.6581
3 3 6 0 23.0313
3 3 6 1 22.7801
3 3 6 2 22.7615
3 3 6 3 23.1433
3 0 7 0 15.9376
3 0 7 1 16.0918
3 0 7 2 15.9345
3 0 7 3 15.9797
3 1 7 0 15.8751
3 1 7 1 16.3747
3 1 7 2 16.1562
3 1 7 3 15.8521
3 2 7 0 16.0056
3 2 7 1 16.2261
3 2 7 2 16.3504
3 2 7 3 16.3281
3 3 7 0 16.2858
3 3 7 1 16.161
3 3 7 2 16.3486
3 3 7 3 16.6647
3 0 8 0 19.8409
3 0 8 1 19.9389
3 0 8 2 18.6294
3 0 8 3 18.6765
3 1 8 0 18.91
3 1 8 1 18.8051
3 1 8 2 17.7424
3 1 8 3 18.0111
3 2 8 0 20.3636
3 2 8 1 20.1714
3 2 8 2 18.9781
3 2 8 3 19.3292
3 3 8 0 21.396
3 3 8 1 21.3975
3 3 8 2 19.9868
3 3 8 3 20.1262
3 0 9 0 13.9537
3 0 9 1 15.4481
3 0 9 2 13.3314
3 0 9 3 11.8299
3 1 9 0 12.0888
3 1 9 1 13.6968
3 1 9 2 11.7478
3 1 9 3 10.1342
3 2 9 0 14.0273
3 2 9 1 15.7973
3 2 9 2 13.8259
3 2 9 3 12.0217
3 3 9 0 15.8649
3 3 9 1 17.5202
3 3 9 2 15.4023
3 3 9 3 13.716
4 0 5 0 12.673
4 0 5 1 13.054
4 0 5 2 13.1331
4 0 5 3 12.9743
4 1 5 0 13.0422
4 1 5 1 13.6221
4 1 5 2 13.2585
4 1 5 3 12.8834
4 2 5 0 12.6942
4 2 5 1 12.8358
4 2 5 2 12.6915
4 2 5 3 12.7717
4 3 5 0 12.5691
4 3 5 1 12.4873
4 3 5 2 12.8101
4 3 5 3 13.1075
4 0 6 0 16.2474
4 0 6 1 16.3791
4 0 6 2 15.939
4 0 6 3 15.992
4 1 6 0 16.5127
4 1 6 1 16.3055
4 1 6 2 16.1482
4 1 6 3 16.5394
4 2 6 0 15.9281
4 2 6 1 16.0001
4 2 6 2 15.905
4 2 6 3 16.0205
4 3 6 0 15.8572
4 3 6 1 16.2742
4 3 6 2 15.8964
4 3 6 3 15.6616
4 0 7 0 9.57573
4 0 7 1 10.2629
4 0 7 2 10.165
4 0 7 3 9.79208
4 1 7 0 9.65915
4 1 7 1 9.75064
4 1 7 2 9.93093
4 1 7 3 10.151
4 2 7 0 9.61156
4 2 7 1 10.0194
4 2 7 2 9.5957
4 2 7 3 9.50082
4 3 7 0 9.84939
4 3 7 1 10.8109
4 3 7 2 10.1496
4 3 7 3 9.45192
4 0 8 0 14.3322
4 0 8 1 14.0754
4 0 8 2 12.658
4 0 8 3 13.1637
4 1 8 0 15.879
4 1 8 1 15.7984
4 1 8 2 14.1374
4 1 8 3 14.4286
4 2 8 0 14.2679
4 2 8 1 14.4261
4 2 8 2 12.7732
4 2 8 3 12.8209
4 3 8 0 12.7706
4 3 8 1 12.7627
4 3 8 2 11.3911
4 3 8 3 11.6497
4 0 9 0 10.466
4 0 9 1 12.376
4 0 9 2 10.2264
4 0 9 3 8.17774
4 1 9 0 12.8103
4 1 9 1 14.6166
4 1 9 2 12.3759
4 1 9 3 10.4666
4 2 9 0 11.2422
4 2 9 1 12.8077
4 2 9 2 10.4636
4 2 9 3 8.81849
4 3 9 0 8.8182
4 3 9 1 10.4644
4 3 9 2 8.17569
4 3 9 3 6.40521
5 0 6 0 4.00675
5 0 6 1 4.49386
5 0 6 2 3.35359
5 0 6 3 3.61035
5 1 6 0 3.62755
5 1 6 1 5.1268
5 1 6 2 4.43095
5 1 6 3 3.52658
5 2 6 0 3.34204
5 2 6 1 3.61375
5 2 6 2 3.92298
5 2 6 3 4.40775
5 3 6 0 4.47721
5 3 6 1 3.59912
5 3 6 2 3.60356
5 3 6 3 5.09963
5 0 7 0 3.57007
5 0 7 1 5.05942
5 0 7 2 4.33271
5 0 7 3 3.42704
5 1 7 0 5.03545
5 1 7 1 6.65192
5 1 7 2 5.05319
5 1 7 3 3.5316
5 2 7 0 4.33922
5 2 7 1 5.0822
5 2 7 2 3.59274
5 2 7 3 3.42562
5 3 7 0 3.47419
5 3 7 1 3.60988
5 3 7 2 3.46366
5 3 7 3 4.10581
5 0 8 0 9.59744
5 0 8 1 9.51296
5 0 8 2 7.51506
5 0 8 3 8.00446
5 1 8 0 7.60623
5 1 8 1 7.97105
5 1 8 2 5.8298
5 1 8 3 5.85444
5 2 8 0 9.83714
5 2 8 1 10.3422
5 2 8 2 8.10443
5 2 8 3 7.84015
5 3 8 0 11.7
5 3 8 1 11.823
5 3 8 2 9.69701
5 3 8 3 9.85521
5 0 9 0 15.6103
5 0 9 1 16.6365
5 0 9 2 15.2918
5 0 9 3 14.3605
5 1 9 0 14.7218
5 1 9 1 15.4275
5 1 9 2 14.1669
5 1 9 3 13.5982
5 2 9 0 16.3543
5 2 9 1 17.1692
5 2 9 2 15.6741
5 2 9 3 14.9611
5 3 9 0 17.3229
5 3 9 1 18.418
5 3 9 2 16.8667
5 3 9 3 15.837
6 0 7 0 7.22404
6 0 7 1 7.9663
6 0 7 2 6.89016
6 0 7 3 6.47559
6 1 7 0 6.99018
6 1 7 1 6.99001
6 1 7 2 6.46233
6 1 7 3 6.89158
6 2 7 0 6.50217
6 2 7 1 7.15255
6 2 7 2 6.81902
6 2 7 3 6.58387
6 3 7 0 7.1796
6 3 7 1 8.46788
6 3 7 2 7.62598
6 3 7 3 6.61291
6 0 8 0 10.2542
6 0 8 1 10.711
6 0 8 2 8.88316
6 0 8 3 8.68135
6 1 8 0 12.4073
6 1 8 1 12.8122
6 1 8 2 10.8528
6 1 8 3 10.6589
6 2 8 0 11.4632
6 2 8 1 11.4455
6 2 8 2 9.72184
6 2 8 3 10.0479
6 3 8 0 9.4102
6 3 8 1 9.35465
6 3 8 2 7.84739
6 3 8 3 8.28577
6 0 9 0 18.2849
6 0 9 1 18.895
6 0 9 2 17.715
6 0 9 3 17.2192
6 1 9 0 19.7317
6 1 9 1 20.5202
6 1 9 2 19.1528
6 1 9 3 18.4511
6 2 9 0 18.6515
6 2 9 1 19.5376
6 2 9 2 18.3455
6 2 9 3 17.552
6 3 9 0 17.2875
6 3 9 1 17.9901
6 3 9 2 17.0157
6 3 9 3 16.4351
7 0 8 0 11.0001
7 0 8 1 10.8774
7 0 8 2 8.75591
7 0 8 3 9.23487
7 1 8 0 13.146
7 1 8 1 13.2102
7 1 8 2 11.0058
7 1 8 3 11.1971
7 2 8 0 11.2342
7 2 8 1 11.6322
7 2 8 2 9.28882
7 2 8 3 9.11656
7 3 8 0 8.96076
7 3 8 1 9.22042
7 3 8 2 6.90836
7 3 8 3 6.99479
7 0 9 0 14.611
7 0 9 1 15.9682
7 0 9 2 14.2706
7 0 9 3 12.9512
7 1 9 0 16.6142
7 1 9 1 17.9924
7 1 9 2 16.1422
7 1 9 3 14.7803
7 2 9 0 15.4151
7 2 9 1 16.5374
7 2 9 2 14.692
7 2 9 3 13.6229
7 3 9 0 13.4629
7 3 9 1 14.5229
7 3 9 2 12.8497
7 3 9 3 11.876
8 0 9 0 10.2355
8 0 9 1 9.93278
8 0 9 2 9.6155
8 0 9 3 10.2052
8 1 9 0 9.61179
8 1 9 1 9.66337
8 1 9 2 9.58718
8 1 9 3 9.8235
8 2 9 0 10.0564
8 2 9 1 10.3384
8 2 9 2 9.67385
8 2 9 3 9.6652
8 3 9 0 10.9203
8 3 9 1 10.8582
8 3 9 2 9.99334
8 3 9 3 10.3347
